<?xml version="1.0"?>
<opencv_storage>
<camera_matrix type_id="opencv-matrix">
  <rows>3</rows>
  <cols>3</cols>
  <dt>f</dt>
  <data>
    1.0701844966301433e+003 0. 6.3950000000000000e+002 0.
    1.0701844966301433e+003 5.1150000000000000e+002 0. 0. 1.</data></camera_matrix>
<distortion_coeffs type_id="opencv-matrix">
  <rows>1</rows>
  <cols>4</cols>
  <dt>f</dt>
  <data>
    -6.6155460852934684e-003 2.5154148676755489e-001 0. 0.</data></distortion_coeffs>
</opencv_storage>
