<?xml version="1.0"?>
<opencv_storage>
<calibration_Time>"10/10/16 14:53:54"</calibration_Time>
<FixAspectRatio>1.</FixAspectRatio>
<!-- flags:  +fix_aspectRatio +fix_principal_point +zero_tangent_dist -->
<flagValue>14</flagValue>
<Camera_Matrix type_id="opencv-matrix">
  <rows>3</rows>
  <cols>3</cols>
  <dt>d</dt>
  <data>
    1.0701844966301433e+003 0. 6.3950000000000000e+002 0.
    1.0701844966301433e+003 5.1150000000000000e+002 0. 0. 1.</data></Camera_Matrix>
<Distortion_Coefficients type_id="opencv-matrix">
  <rows>5</rows>
  <cols>1</cols>
  <dt>d</dt>
  <data>
    -6.6155460852934684e-003 2.5154148676755489e-001 0. 0.
    -9.6579536822444390e-001</data></Distortion_Coefficients>
<Avg_Reprojection_Error>2.5110997283166725e-001</Avg_Reprojection_Error>
<Per_View_Reprojection_Errors type_id="opencv-matrix">
  <rows>16</rows>
  <cols>1</cols>
  <dt>f</dt>
  <data>
    2.46966332e-001 2.78801203e-001 2.28601113e-001 1.59062147e-001
    1.49123818e-001 1.80711582e-001 1.43877238e-001 5.03420413e-001
    1.44356087e-001 1.84595719e-001 1.32611275e-001 5.24996519e-001
    2.01202735e-001 1.38357520e-001 1.89278007e-001 1.41483486e-001</data></Per_View_Reprojection_Errors>
<!-- a set of 6-tuples (rotation vector + translation vector) for each view -->
<Extrinsic_Parameters type_id="opencv-matrix">
  <rows>16</rows>
  <cols>6</cols>
  <dt>d</dt>
  <data>
    -1.1947060620008904e-001 4.2689214791988844e-001
    1.3365673722898352e+000 -4.1035814982920389e+000
    -7.4087884894967345e+001 4.8914633286095989e+002
    -5.1345853082245074e-001 -6.9312746733452713e-003
    1.2999405638463248e+000 -5.6920396420392571e+001
    -7.4793313658448966e+001 4.6404060009588267e+002
    -2.9650023304857132e-001 -1.7544133645086279e-001
    1.3790739356889188e+000 -1.9860027360965862e+001
    -6.5524841517091275e+001 4.9895182868758275e+002
    -2.5472211397425787e-001 4.8827661889762308e-001
    1.4899040839732864e+000 1.2309035327219367e+002
    1.5614562570757819e+001 5.0148067489034440e+002
    -3.4285072018886231e-001 9.7642234218607293e-001
    1.1081582896619260e+000 1.1890672705160381e+002
    3.6617125452300620e+001 7.0729074382904696e+002
    -4.1976815991733996e-001 3.7007341717247372e-001
    1.3882281308567426e+000 1.3685115688787601e+001
    -4.3954595478461471e+001 5.6786969626288169e+002
    -4.4618136704801359e-001 -3.5990855339517763e-001
    1.3278053514215473e+000 -3.2537745501576872e+001
    -5.9898483338708154e+001 5.6329145818604422e+002
    1.2199683016026418e-001 2.4494719351863886e-001
    1.5333956265388560e+000 1.8331949255327604e+002
    -9.1971614037287949e+001 5.4067636535260954e+002
    -8.9320934368073746e-001 5.2799983999173600e-002
    1.5612016468061163e+000 -6.6640058127939639e+001
    3.1983655793788511e+001 7.1406023268630236e+002
    -2.0965219888403935e-001 6.4578737411630938e-001
    1.1130526750886696e+000 4.9666189735356994e+001
    -1.2604361165769889e+002 6.7459296141938682e+002
    -4.6303237305796330e-002 6.8007373841252505e-001
    1.0944374364699474e+000 8.1218466425062147e+001
    -8.6255225539912999e+001 6.4516036209784386e+002
    6.4183191769068892e-002 -4.5350242125901830e-001
    1.4516522193010089e+000 9.0561746635597586e+001
    -1.0060351737008452e+002 6.2375636233997182e+002
    3.8711802693898889e-001 8.9051119712633922e-002
    1.7181586794353472e+000 2.2625314827753650e+002
    -2.6457184742317686e+001 5.4807096281811198e+002
    -8.3474094167938040e-001 9.2958877662814676e-001
    1.4224592835044747e+000 2.1995310781283088e+001
    1.6994613242963479e+002 7.8492933741110096e+002
    -7.3928558758172591e-001 8.1732719931743447e-001
    1.5208676875915050e+000 4.5300749215451233e+001
    1.0325826221587063e+002 7.4588490572680939e+002
    8.0718255768773811e-002 3.2848135818353091e-001
    1.6554327660554462e+000 2.2755445392339129e+002
    -1.5551846712012363e+002 5.9473542952584910e+002</data></Extrinsic_Parameters>
<Image_points type_id="opencv-matrix">
  <rows>16</rows>
  <cols>42</cols>
  <dt>"2f"</dt>
  <data>
    6.30711670e+002 3.49571411e+002 6.39682373e+002 3.97526764e+002
    6.49148926e+002 4.47056885e+002 6.58901855e+002 4.98794312e+002
    6.69240906e+002 5.52559998e+002 6.79971802e+002 6.08525879e+002
    6.91096313e+002 6.66826965e+002 5.78816956e+002 3.63773651e+002
    5.86782715e+002 4.11581635e+002 5.95305176e+002 4.61209869e+002
    6.03862732e+002 5.12729858e+002 6.13104431e+002 5.66367126e+002
    6.22466675e+002 6.22004028e+002 6.32455017e+002 6.80216187e+002
    5.27678467e+002 3.77681885e+002 5.34665100e+002 4.25393738e+002
    5.41948975e+002 4.74905518e+002 5.49618469e+002 5.26349487e+002
    5.57549622e+002 5.79705688e+002 5.65922852e+002 6.35446289e+002
    5.74487549e+002 6.93361816e+002 4.77484619e+002 3.91377472e+002
    4.83578369e+002 4.39014404e+002 4.89847778e+002 4.88420349e+002
    4.96412140e+002 5.39688171e+002 5.03253662e+002 5.92902222e+002
    5.10438538e+002 6.48401001e+002 5.17897522e+002 7.06369141e+002
    4.27719208e+002 4.04741638e+002 4.32921326e+002 4.52296448e+002
    4.38309631e+002 5.01584930e+002 4.43802307e+002 5.52814453e+002
    4.49545135e+002 6.05940857e+002 4.55673340e+002 6.61349121e+002
    4.61954773e+002 7.18982544e+002 3.78735016e+002 4.18179993e+002
    3.82791168e+002 4.65640137e+002 3.87255280e+002 5.14840942e+002
    3.91745941e+002 5.65967224e+002 3.96677643e+002 6.18922913e+002
    4.01445251e+002 6.74021118e+002 4.06542633e+002 7.31469604e+002
    5.08013641e+002 3.38773712e+002 5.22651062e+002 3.89835876e+002
    5.37966003e+002 4.42449707e+002 5.53467407e+002 4.96893707e+002
    5.69613403e+002 5.53106384e+002 5.86229797e+002 6.11308655e+002
    6.03346619e+002 6.71295776e+002 4.51497406e+002 3.45578400e+002
    4.65635834e+002 3.97853821e+002 4.80270599e+002 4.51688080e+002
    4.95288239e+002 5.07342804e+002 5.10702148e+002 5.64878052e+002
    5.26728882e+002 6.24404724e+002 5.43329773e+002 6.85941528e+002
    3.92545624e+002 3.52581482e+002 4.06011688e+002 4.05998962e+002
    4.20096985e+002 4.61065796e+002 4.34373138e+002 5.18085815e+002
    4.49205780e+002 5.76973328e+002 4.64529449e+002 6.38147522e+002
    4.80352112e+002 7.01351135e+002 3.31507019e+002 3.59855927e+002
    3.44316162e+002 4.14434570e+002 3.57494324e+002 4.70921936e+002
    3.71151337e+002 5.29306519e+002 3.85227417e+002 5.89696655e+002
    3.99756500e+002 6.52355042e+002 4.14645813e+002 7.17342163e+002
    2.67673584e+002 3.67431213e+002 2.79618958e+002 4.23290680e+002
    2.92050201e+002 4.81075439e+002 3.04856750e+002 5.40993835e+002
    3.18075012e+002 6.02819946e+002 3.31715179e+002 6.67300964e+002
    3.45827515e+002 7.33897705e+002 2.01122711e+002 3.75503418e+002
    2.12024292e+002 4.32615570e+002 2.23469452e+002 4.91744446e+002
    2.35271881e+002 5.53260803e+002 2.47535019e+002 6.16966309e+002
    2.60190063e+002 6.82826477e+002 2.73417786e+002 7.51303772e+002
    5.96786072e+002 3.70594727e+002 6.06631348e+002 4.23078949e+002
    6.16677856e+002 4.75674408e+002 6.26651489e+002 5.28622681e+002
    6.36679626e+002 5.81996460e+002 6.46664124e+002 6.35623535e+002
    6.56891907e+002 6.89601257e+002 5.45064392e+002 3.77508270e+002
    5.55069397e+002 4.30665802e+002 5.65022461e+002 4.84177399e+002
    5.75039673e+002 5.37958191e+002 5.84993896e+002 5.92137512e+002
    5.95152954e+002 6.46615479e+002 6.05305237e+002 7.01509277e+002
    4.91622711e+002 3.84410645e+002 5.01600098e+002 4.38450195e+002
    5.11577484e+002 4.92766449e+002 5.21587341e+002 5.47481689e+002
    5.31678833e+002 6.02509583e+002 5.41704163e+002 6.57856384e+002
    5.51873108e+002 7.13745117e+002 4.36774078e+002 3.91526703e+002
    4.46697723e+002 4.46431061e+002 4.56747284e+002 5.01584137e+002
    4.66753174e+002 5.57219360e+002 4.76761414e+002 6.13240295e+002
    4.86957733e+002 6.69456299e+002 4.97142487e+002 7.26307068e+002
    3.79996704e+002 3.98671356e+002 3.89920593e+002 4.54584595e+002
    3.99937988e+002 5.10783875e+002 4.09828888e+002 5.67280334e+002
