<?xml version="1.0"?>
<opencv_storage>
<camera_matrix type_id="opencv-matrix">
  <rows>3</rows>
  <cols>3</cols>
  <dt>f</dt>
  <data> 
     5.38797460559695e+02  0. 3.140662385703162e+02  0.  5.388821718545696e+02  2.413819844709406e+02  0.  0.  1.
    </data></camera_matrix>
<distortion_coeffs type_id="opencv-matrix">
  <rows>1</rows>
  <cols>4</cols>
  <dt>f</dt>
  <data>
    6.423724375883834e-02  -1.844559031607582e-01  9.440139167472448e-03  3.782614425754239e-04</data></distortion_coeffs>
</opencv_storage>
