<?xml version="1.0"?>
<opencv_storage>
<Extrinsic_Parameters type_id="opencv-matrix">
  <rows>9</rows>
  <cols>6</cols>
  <dt>d</dt>
  <data>
    -1.4904770255088806e-01 3.0863839387893677e-01
    3.0847311019897461e+00 1.2089621734619141e+02
    -1.3294089317321777e+01 4.5993154907226562e+02
    3.3943101763725281e-01 -3.3370408415794373e-01
    -2.9414768218994141e+00 6.7859466552734375e+01
    5.8269047737121582e-01 4.0919091796875000e+02 2.4897271394729614e-01
    -3.7122982740402222e-01 -3.0434336662292480e+00
    8.8007606506347656e+01 -4.0610492706298828e+01
    4.3802871704101562e+02 4.1421613097190857e-01
    -4.0431895852088928e-01 -2.8463203907012939e+00
    3.0604547500610352e+01 2.7430072784423828e+01 3.8478036499023438e+02
    -3.0035531520843506e-01 2.3190458118915558e-01
    2.7738177776336670e+00 2.2236646652221680e+01
    -4.1932220458984375e+01 4.2242694091796875e+02
    -5.8646656572818756e-02 -1.8058173358440399e-01
    2.9070391654968262e+00 1.1237069702148438e+02 1.6075527191162109e+01
    3.9939874267578125e+02 -3.4074658155441284e-01
    9.9482782185077667e-02 2.9620738029479980e+00 5.6149192810058594e+01
    3.4996578216552734e+01 4.0218380737304688e+02 4.4167414307594299e-01
    1.8281020224094391e-01 -2.8892159461975098e+00
    1.1885022735595703e+02 5.9007221221923828e+01 3.5552764892578125e+02
    -4.2949959635734558e-01 3.5813052207231522e-02
    2.8427119255065918e+00 2.4362194061279297e+01
    -1.5020142793655396e+00 3.5957781982421875e+02</data></Extrinsic_Parameters>
</opencv_storage>
