<?xml version="1.0"?>
<opencv_storage>
<calibration_Time>"04/23/17 19:52:47"</calibration_Time>
<FixAspectRatio>1.</FixAspectRatio>
<!-- flags:  +fix_aspectRatio +fix_principal_point +zero_tangent_dist -->
<flagValue>14</flagValue>
<Camera_Matrix type_id="opencv-matrix">
  <rows>3</rows>
  <cols>3</cols>
  <dt>d</dt>
  <data>
    1.0800327065035883e+003 0. 6.3950000000000000e+002 0.
    1.0800327065035883e+003 5.1150000000000000e+002 0. 0. 1.</data></Camera_Matrix>
<Distortion_Coefficients type_id="opencv-matrix">
  <rows>5</rows>
  <cols>1</cols>
  <dt>d</dt>
  <data>
    2.9683846204330809e-002 -1.0514901009493413e-001 0. 0.
    4.4097364955171664e-002</data></Distortion_Coefficients>
<Avg_Reprojection_Error>2.8044737966259226e-001</Avg_Reprojection_Error>
<Per_View_Reprojection_Errors type_id="opencv-matrix">
  <rows>22</rows>
  <cols>1</cols>
  <dt>f</dt>
  <data>
    3.00983191e-001 3.69686037e-001 2.85598665e-001 2.08474323e-001
    2.42540136e-001 2.58611351e-001 1.79109171e-001 2.01950774e-001
    2.48902082e-001 1.84563354e-001 2.52893925e-001 2.10717216e-001
    1.83135390e-001 1.21734835e-001 2.00179160e-001 2.28386581e-001
    1.83346748e-001 1.58066303e-001 5.07665932e-001 4.26966399e-001
    4.33102310e-001 3.85088235e-001</data></Per_View_Reprojection_Errors>
<!-- a set of 6-tuples (rotation vector + translation vector) for each view -->
<Extrinsic_Parameters type_id="opencv-matrix">
  <rows>22</rows>
  <cols>6</cols>
  <dt>d</dt>
  <data>
    4.0038703610185838e-001 2.2599430934422537e-001
    1.3894236759700376e+000 4.3319095048288197e+001
    -9.0269246105220702e+001 3.7518767081893446e+002
    1.5673202488550583e-002 -4.1096743744422365e-001
    -3.6560714301083860e-002 -1.9839574949351319e+002
    -7.2421330968317363e+001 4.1001466342018142e+002
    6.4543276818877215e-001 -2.9154189346079623e-001
    1.4912061168143469e+000 5.7090063436199436e+001
    -1.0158006465578283e+002 3.3246338522108084e+002
    7.0235497776284839e-001 -2.8127164358041856e-001
    2.1162713054281421e-001 -1.0852989435069925e+002
    -8.5558232848913818e+001 3.4741756212072687e+002
    7.7941413661425407e-001 4.0007450835962399e-001
    5.6949865828687544e-002 -8.5929484918869150e+001
    -9.9082255171769745e+001 3.9536850730660859e+002
    2.3398346520001873e-001 5.0940862898570793e-001
    -1.5478953597412879e+000 -9.9330722523186864e+001
    8.3873800460587333e+001 5.1425656931484298e+002
    2.2364620304651883e-001 1.1388007032421156e-002
    3.2870264785371264e-002 -1.4898544807835887e+002
    -4.0643525272800993e+001 4.7102968073323746e+002
    9.4924250905207605e-002 -1.5314255004088129e-001
    8.3263998963972342e-003 -2.2345745081015983e+002
    -3.1602038336088754e+001 4.6558758664255657e+002
    1.1942390288509336e-001 -1.1572525940023022e-001
    9.6656788418703954e-002 -3.1538664914026480e+001
    -2.5924639230116025e+001 4.8831583568941448e+002
    -9.7016815946248183e-002 8.0226093112588076e-002
    1.3369001593893085e-001 -3.8431662533209817e+001
    -4.1847392252211812e+001 5.2441205358680031e+002
    1.7923721462797408e-002 -3.1248803208245694e-002
    1.1261216834704731e-001 -7.2196003502478447e+001
    -7.1494256913830753e+001 6.1768767860360686e+002
    1.3874743734633732e-001 3.4573578477298833e-001
    2.7500081524642211e-001 -7.8172830379916988e+001
    -8.1099536755221038e+001 6.3628097272608113e+002
    1.0884718012071795e-001 -5.1964738755570783e-001
    1.4608156244674386e-001 -1.4136391387562318e+002
    -7.4083072179304409e+001 5.7864700504032123e+002
    5.1957157978188584e-001 -2.8282618123645792e-001
    2.0881881660658388e-001 -1.5896912992660134e+002
    -8.6798255130976528e+001 5.3445556583138227e+002
    4.7471997328693349e-001 -1.5371766411377674e-001
    2.1917303653712839e-001 -9.1777812779604020e+001
    -1.7685713234446001e+002 4.8189841602787391e+002
    5.0191767347105998e-001 -1.9138226616124984e-001
    2.1499703362223477e-001 2.0119732809519779e+000
    -1.4473300907452835e+002 4.9742458924570815e+002
    1.4545954565806515e-001 5.9906055762792308e-002
    2.7179471470421052e-001 -3.5872873225533883e+000
    -1.5052119300541818e+002 5.6113858973255890e+002
    -1.1410083713966941e-001 -9.6450539121802181e-002
    1.1501528906177910e-001 -5.3194136899606463e+001
    -1.0221190484734232e+002 5.6039711942177814e+002
    2.7460184972640331e-003 -5.5291673302633036e-002
    1.2173154887097966e-001 -1.1124137761095389e+002
    -1.0823801330199603e+002 3.6946158247082519e+002
    2.8362958213737921e-001 1.4093520872235790e-001
    2.9646360985073938e-001 -1.0894421267491660e+002
    -1.1566041035647302e+002 3.5886020612899921e+002
    3.4159826696376722e-001 -3.8988588559535492e-001
    1.3359402749168647e+000 4.6692387081199115e+001
    -9.6504455345901420e+001 3.4655645757774090e+002
    1.5165131956682529e-001 -8.1023311422640881e-002
    1.4895168055641166e+000 3.1642110463164610e+001
    -6.8916419952380124e+001 4.1939008698399829e+002</data></Extrinsic_Parameters>
