<?xml version="1.0"?>
<opencv_storage>
<pose type_id="opencv-matrix">
  <rows>9</rows>
  <cols>7</cols>
  <dt>d</dt>
  <data>
    -1.2819391056557483e-01 3.1570872650639170e-01
    3.9864586499840637e-01 1.6440245654373992e-01
    -7.5046248074986743e-01 -2.0315073472107781e-01
    6.0704833106716050e-01 -2.2030176983505970e-01
    2.9223875499473273e-01 4.2981614001987184e-01 1.1750357710769907e-01
    -6.8343110774809068e-01 -2.5687949369652907e-01
    6.7314764802926219e-01 -1.8193803916198492e-01
    3.3090305696697631e-01 4.3530835862431932e-01 1.2828324148069484e-01
    -7.2000010765570355e-01 -2.2398625636327346e-01
    6.4418429963120571e-01 -2.7226335152513881e-01
    2.6388783163389307e-01 4.3439397662709878e-01 8.3234461862632461e-02
    -6.5621511419929013e-01 -2.6156861518709079e-01
    7.0287666613991273e-01 -1.9199101013489633e-01
    3.1036714583655078e-01 4.2225369762681741e-01 2.7582095591319844e-01
    -7.4085666079214940e-01 -8.1481128438797845e-02
    6.0697202089336511e-01 -1.1508084746760941e-01
    2.7570456428638063e-01 3.8729575414561401e-01 3.2597167457983844e-01
    -7.5459604108244116e-01 -2.2486316740184933e-01
    5.2322446244449483e-01 -1.8810331408063202e-01
    2.5083863862110717e-01 3.8537053573031843e-01 2.6321997151880377e-01
    -7.1094979371621170e-01 -1.7921088829437287e-01
    6.2701602445651905e-01 -1.8591070376567750e-01
    2.3341795052953873e-01 4.1850298972816924e-01 2.3954161899850987e-01
    -6.1262908922484050e-01 -3.6404203303075711e-01
    6.5937759287827513e-01 -2.1633750919210781e-01
    2.5217124353284170e-01 4.2985007937718922e-01 3.1822633891588736e-01
    -6.9381581466606868e-01 -1.4072191646547100e-01
    6.3051483310524536e-01</data></pose>
</opencv_storage>
