<?xml version="1.0"?>
<opencv_storage>
<camera_matrix type_id="opencv-matrix">
  <rows>3</rows>
  <cols>3</cols>
  <dt>f</dt>
  <data>
    612.802399 0.000000 330.327610
0.000000 612.174040 232.405923
0.000000 0.000000 1.000000</data></camera_matrix>
<distortion_coeffs type_id="opencv-matrix">
  <rows>1</rows>
  <cols>4</cols>
  <dt>f</dt>
  <data>
    0.135124 -0.260678 -0.004007 0.004948</data></distortion_coeffs>
</opencv_storage>
