sensor_bias: [0.4063680870309217, -0.1420724128205776, -9.315822118053035, 0.02662743398882428, -0.04446761828478869, 0.007092510094375818]
mass_matrix: [1.200861567890298, 0, 0, 0, 0.06690253221353751, -0.02152333693436575, 0, 1.200861567890298, 0, -0.06690253221353751, 0, 0.002617188410791609, 0, 0, 1.200861567890298, 0.02152333693436575, -0.002617188410791609, 0]
world2base: [0.9999977237815865, 0, -0.002133642811213936, 1.344351757945173e-05, 0.9999801501732812, 0.006300720490052788, 0.002133600458773853, -0.006300734831901431, 0.9999778740000502]