<?xml version="1.0"?>
<opencv_storage>
<Extrinsic_Parameters type_id="opencv-matrix">
  <rows>6</rows>
  <cols>6</cols>
  <dt>d</dt>
  <data>
    3.6344426870346069e-01 -2.4430967867374420e-01
    1.5164432525634766e+00 -1.4493101501464844e+02
    -1.6884564208984375e+02 5.7429632568359375e+02
    3.3283919095993042e-01 -1.9179281592369080e-01
    1.5546593666076660e+00 -1.2572363281250000e+02
    -1.0884057617187500e+02 6.2527917480468750e+02
    2.4400879442691803e-01 -7.9889431595802307e-02
    1.7457132339477539e+00 -1.5331556701660156e+02
    -2.2377915954589844e+02 6.6955297851562500e+02
    4.7288474440574646e-01 7.6037205755710602e-02 1.7669541835784912e+00
    -6.0746173858642578e+01 -1.5427667236328125e+02
    6.2273297119140625e+02 5.8882576227188110e-01
    -6.3992731273174286e-02 1.7275390625000000e+00
    -5.0346408843994141e+01 -1.3919369506835938e+02
    5.7591583251953125e+02 7.6650410890579224e-01
    -2.8085103631019592e-01 1.6484426259994507e+00
    -5.0820144653320312e+01 -1.2098668670654297e+02
    5.7960845947265625e+02</data></Extrinsic_Parameters>
</opencv_storage>
