<?xml version="1.0"?>
<opencv_storage>
<pose type_id="opencv-matrix">
  <rows>6</rows>
  <cols>7</cols>
  <dt>d</dt>
  <data>
    -2.7658730519325220e-01 -2.1909381855785542e-01
    6.6930457464387028e-01 5.6277388806194739e-01
    -7.7229775231586262e-01 2.9468921372100626e-01
    5.2268415577663097e-01 -2.7660055299503461e-01
    -1.6694808153510907e-01 5.9953927763680626e-01
    5.4152821965325859e-01 -7.7003052803105454e-01
    3.3734281260964627e-01 5.4523397118145256e-01
    -3.3817612907849592e-01 -1.5524425000846304e-01
    7.0496180412589693e-01 5.6820815933767266e-01
    -7.3676326220243571e-01 3.6649608883440904e-01
    6.2004602610009663e-01 -2.2206645225785696e-01
    -1.5524407560433234e-01 6.4303822502427022e-01
    4.9286773722065247e-01 -8.2099308827350503e-01
    2.8818699244436169e-01 6.7042389520413981e-01
    -1.9688191049415057e-01 -1.7779232365383973e-01
    6.4782667795249449e-01 5.4419120485254180e-01
    -8.1150760381035658e-01 2.1286460842308244e-01
    6.3860483367154752e-01 -1.9689149713942097e-01
    -1.5003063959205135e-01 6.6118411094158824e-01
    6.0868714310283911e-01 -7.8658980832168701e-01
    1.0380961066180758e-01 5.8123107823938214e-01</data></pose>
</opencv_storage>
