sensor_bias: [0.8849152642359528, 0.1812999265705642, 0.3284999723061109, 0.09651024110416138, -0.2526502245847631, -0.04573422540566879]
mass_matrix: [1.160426788473012, 0, 0, 0, 0.0659734926424769, -0.02393946706576572, 0, 1.160426788473012, 0, -0.0659734926424769, 0, 0.001370345598110443, 0, 0, 1.160426788473012, 0.02393946706576572, -0.001370345598110443, 0]
world2base: [0.9999871412526716, 0, 0.005071225622013874, -1.656625507200244e-05, 0.9999946642682842, 0.003266674229362255, -0.005071198563314484, -0.003266716235240918, 0.9999818055895666]