sensor_bias: [0.8626536285302669, 0.3063923512338875, -0.065159918396569, 0.09316312287734792, -0.2635058187027678, -0.04873327034104846]
mass_matrix: [0.9517813908417049, 0, 0, 0, 0.05680156517438825, -0.003685789167714479, 0, 0.9517813908417049, 0, -0.05680156517438825, 0, 0.000967540349145205, 0, 0, 0.9517813908417049, 0.003685789167714479, -0.000967540349145205, 0]
world2base: [0.9999756533845067, 0, 0.006978011051082623, -2.48400075058083e-05, 0.9999936640532321, 0.003559668013400886, -0.006977966838776058, -0.003559754681379364, 0.9999693175919976]