sensor_bias: [1.002216027000312, 0.5628317017100914, -1.226748696724344, 0.1136111139017124, -0.3098797207086216, -0.07362515157073667]
mass_matrix: [1.182540795103257, 0, 0, 0, 0.07323018581898641, -0.02226411822844473, 0, 1.182540795103257, 0, -0.07323018581898641, 0, 0.003614177400992516, 0, 0, 1.182540795103257, 0.02226411822844473, -0.003614177400992516, 0]
world2base: [0.9999614987569727, 0, 0.008775021578821322, -2.72743845946273e-05, 0.9999951695834091, 0.003108064664221716, -0.008774979191811501, -0.003108184333182102, 0.9999566685263588]