sensor_bias: [0.8992792456601046, 0.9385259241842049, -1.936569229089189, 0.135912669105032, -0.3149681108148483, -0.04775771543567439]
mass_matrix: [0.9432105102120792, 0, 0, 0, 0.05771412036437433, -0.001309534520179816, 0, 0.9432105102120792, 0, -0.05771412036437433, 0, 8.378319803724603e-05, 0, 0, 0.9432105102120792, 0.001309534520179816, -8.378319803724603e-05, 0]
world2base: [0.9999143604730218, 0, 0.01308708217394982, -0.0002439556554359597, 0.999826242380046, 0.0186393544372009, -0.01308480819369914, -0.01864095083941322, 0.9997406177335882]