<?xml version="1.0"?>
<opencv_storage>
<Extrinsic_Parameters type_id="opencv-matrix">
  <rows>9</rows>
  <cols>6</cols>
  <dt>d</dt>
  <data>
    5.4989570379257202e-01 2.8446915745735168e-01 1.2756659984588623e+00
    -1.3676180839538574e+01 -1.6954817199707031e+02
    7.7200604248046875e+02 2.9850438237190247e-01 2.1750642359256744e-01
    1.1620032787322998e+00 -2.2199634552001953e+01
    -1.1139725494384766e+02 7.9272027587890625e+02
    3.0006903409957886e-01 4.1530340909957886e-01 1.5329538583755493e+00
    1.2901419067382812e+02 -2.0785374450683594e+02
    7.3838006591796875e+02 -1.8065947294235229e-01
    2.3672316223382950e-02 1.5492888689041138e+00 1.5698550415039062e+02
    -1.7396492004394531e+02 7.5571685791015625e+02
    -2.2256579995155334e-01 3.7865500897169113e-02
    1.2783982753753662e+00 5.2259120941162109e+01
    -9.6264991760253906e+01 8.0679211425781250e+02
    4.7384732961654663e-01 3.3916035294532776e-01 1.4455986022949219e+00
    4.9488391876220703e+01 -1.1505046081542969e+02
    7.5754449462890625e+02 2.9367598891258240e-01 4.4778242707252502e-01
    1.1287921667098999e+00 -3.0701246261596680e+00
    -6.8445281982421875e+01 8.1234936523437500e+02
    -3.4430652856826782e-01 -1.0269297659397125e-01
    1.1947605609893799e+00 4.3984863281250000e+01
    -1.3012139892578125e+02 8.0120776367187500e+02
    -1.2459957599639893e-01 -2.9639571905136108e-01
    1.3250414133071899e+00 9.0375373840332031e+01
    -1.3170225524902344e+02 7.3393646240234375e+02</data></Extrinsic_Parameters>
</opencv_storage>
