<?xml version="1.0"?>
<opencv_storage>
<jointstate type_id="opencv-matrix">
  <rows>3</rows>
  <cols>7</cols>
  <dt>d</dt>
  <data>
    -3.7157831217465515e-01 -2.4576753900887209e+00
    4.6211375380339864e-01 5.2255961607775907e+00
    -2.1128877092659124e-01 5.2199320255368127e+00 0.
    6.2702427757903938e-05 -3.9134542131796481e-05
    7.1063886629417529e-05 -8.2305590296164155e-05
    5.0025839731097235e-05 8.1366903474554413e-05
    1.5810100666919889e-322 3.5598154194608510e-02
    9.1713989816573449e-01 -1.2582490188237716e+00
    -1.8413116812110422e+00 4.0303139348006365e+00
    9.7295369045901459e-01 0.</data></jointstate>
</opencv_storage>
