<?xml version="1.0"?>
<opencv_storage>
<pose type_id="opencv-matrix">
  <rows>9</rows>
  <cols>7</cols>
  <dt>d</dt>
  <data>
    -3.5728021492994394e-01 -1.1209554726630684e-01
    6.5005219877537079e-01 3.7969438755812307e-01
    -8.6612492935591778e-01 3.2505350145025158e-01
    5.0772870415120808e-01 -3.6213705983367073e-01
    -1.1100558527511104e-01 5.8472689768902764e-01
    -3.7118676184906130e-01 8.2375534557294261e-01
    -4.2854115142890348e-01 -4.2472220638360875e-01
    -2.4864923704686828e-01 -1.0644146454595087e-01
    6.7195855561846118e-01 3.5769863323001372e-01
    -8.0259034579063915e-01 4.7738917523237046e-01
    5.9799758216522181e-01 -2.5590616501581415e-01
    -1.0481428420101065e-01 6.3487493281928742e-01
    4.8593846931503853e-01 -5.9359089516180208e-01
    6.4149329943559630e-01 4.8295388929667177e-01
    -3.2866980675027868e-01 -1.0455880726588496e-01
    5.4944586956158692e-01 -4.2557666010662654e-01
    6.4189559660135787e-01 -6.3785151049149014e-01
    -3.7782597329731837e-01 -3.1287938142447719e-01
    -1.0810672791902953e-01 5.8681324951041192e-01
    3.8835738015682675e-01 -8.3848298173526159e-01
    3.8226278215132509e-01 5.7111238847910895e-01
    -3.3163136599016685e-01 -1.0389139962852818e-01
    5.3603542403118876e-01 -2.6212945423102735e-01
    8.5852097924635018e-01 -4.4071518854973846e-01
    -4.5070254101197343e-01 -3.3420489942971870e-01
    -1.1199134816867524e-01 5.8360107588700894e-01
    4.5552509786984152e-01 -5.9406546385520276e-01
    6.6301064083857220e-01 3.0325995079134971e-01
    -3.0219355213477628e-01 -1.2465113353431853e-01
    6.0274869213104609e-01 -5.7396902566451002e-01
    5.8897890349289728e-01 -5.6891423678621145e-01
    -3.4610608514883318e-01</data></pose>
</opencv_storage>
